numeric,numeric
ID,x3
0,1
1,0
2,1
3,0
4,1
5,1
6,1
7,1
8,1
9,0
10,0
11,0
12,0
13,1
14,1
15,1
16,1
17,0
18,1
19,0
20,1
21,1
22,1
23,1
24,0
25,0
26,1
27,1
28,1
29,1
30,1
31,0
32,1
33,1
34,0
35,1
36,0
37,0
38,1
39,0
40,0
41,1
42,1
43,0
44,0
45,1
46,0
47,0
48,1
49,0
50,0
51,1
52,1
53,0
54,0
55,0
56,1
57,1
58,0
59,1
60,0
61,1
62,0
63,0
64,0
65,0
66,0
67,0
68,0
69,1
70,0
71,1
72,0
73,1
74,0
75,0
76,0
77,1
78,0
79,0
80,0
81,1
82,1
83,0
84,1
85,1
86,0
87,1
88,1
89,1
90,1
91,1
92,0
93,0
94,0
95,1
96,1
97,0
98,1
99,0
100,0
101,0
102,1
103,0
104,0
105,1
106,1
107,0
108,0
109,1
110,0
111,0
112,1
113,1
114,1
115,0
116,0
117,1
118,1
119,1
120,1
121,0
122,1
123,0
124,1
125,0
126,1
127,1
128,0
129,1
130,0
131,0
132,0
133,0
134,1
135,1
136,1
137,0
138,0
139,0
140,1
141,1
142,0
143,1
144,1
145,0
146,0
147,1
148,0
149,1
150,1
151,0
152,0
153,1
154,0
155,1
156,1
157,1
158,0
159,1
160,0
161,1
162,1
163,0
164,1
165,0
166,1
167,0
168,0
169,0
170,0
171,1
172,0
173,1
174,0
175,1
176,1
177,1
178,1
179,0
180,0
181,1
182,1
183,1
184,0
185,0
186,1
187,0
188,0
189,0
190,0
191,1
192,1
193,1
194,1
195,1
196,1
197,0
198,0
199,0
200,1
201,0
202,0
203,1
204,1
205,0
206,1
207,0
208,1
209,0
210,0
211,0
212,0
213,1
214,1
215,1
216,0
217,0
218,0
219,0
220,0
221,0
222,0
223,1
224,0
225,0
226,1
227,1
228,1
229,0
230,1
231,1
232,1
233,1
234,1
235,0
236,1
237,1
238,1
239,0
240,0
241,0
242,1
243,0
244,0
245,1
246,0
247,0
248,1
249,1
250,1
251,1
252,0
253,0
254,1
255,1
256,1
257,1
258,1
259,1
260,1
261,0
262,1
263,1
264,1
265,1
266,0
267,1
268,1
269,0
270,0
271,0
272,0
273,0
274,0
275,0
276,0
277,1
278,1
279,0
280,1
281,1
282,0
283,1
284,0
285,0
286,0
287,1
288,1
289,1
290,1
291,1
292,0
293,1
294,1
295,0
296,0
297,1
298,0
299,0
300,1
301,0
302,0
303,1
304,1
305,0
306,1
307,0
308,0
309,1
310,0
311,1
312,1
313,1
314,0
315,0
316,0
317,1
318,1
319,0
320,1
321,1
322,1
323,1
324,0
325,1
326,0
327,1
328,1
329,1
330,1
331,0
332,0
333,0
334,0
335,1
336,1
337,0
338,0
339,1
340,0
341,1
342,1
343,0
344,0
345,1
346,0
347,1
348,1
349,1
350,0
351,0
352,0
353,0
354,0
355,0
356,0
357,1
358,0
359,1
360,0
361,1
362,1
363,0
364,0
365,0
366,1
367,0
368,0
369,1
370,1
371,0
372,1
373,0
374,1
375,0
376,1
377,0
378,1
379,0
380,1
381,1
382,1
383,0
384,1
385,0
386,1
387,1
388,1
389,1
390,0
391,0
392,0
393,1
394,1
395,1
396,0
397,0
398,0
399,1
400,0
401,0
402,1
403,0
404,0
405,1
406,1
407,1
408,0
409,0
410,1
411,0
412,1
413,0
414,1
415,0
416,1
417,0
418,0
419,0
420,1
421,0
422,0
423,1
424,1
425,1
426,0
427,0
428,1
429,1
430,1
431,1
432,1
433,1
434,1
435,1
436,1
437,0
438,0
439,0
440,1
441,0
442,0
443,0
444,1
445,0
446,0
447,0
448,0
449,1
450,0
451,0
452,1
453,1
454,1
455,0
456,1
457,0
458,1
459,1
460,0
461,1
462,1
463,0
464,1
465,1
466,0
467,0
468,0
469,0
470,1
471,1
472,1
473,1
474,0
475,0
476,0
477,0
478,1
479,1
480,0
481,1
482,0
483,1
484,1
485,0
486,1
487,0
488,0
489,1
490,0
491,0
492,1
493,0
494,0
495,0
496,0
497,1
498,1
499,0
500,1
501,1
502,0
503,1
504,1
505,0
506,1
507,1
508,1
509,0
510,0
511,0
512,0
513,1
514,0
515,0
516,0
517,1
518,0
519,0
520,0
521,1
522,1
523,0
524,1
525,0
526,0
527,0
528,0
529,0
530,0
531,0
532,1
533,1
534,0
535,0
536,0
537,1
538,1
539,0
540,0
541,0
542,0
543,1
544,0
545,0
546,1
547,0
548,1
549,1
550,0
551,1
552,0
553,0
554,1
555,0
556,0
557,0
558,0
559,1
560,1
561,1
562,1
563,0
564,0
565,1
566,1
567,1
568,1
569,1
570,1
571,1
572,1
573,0
574,1
575,0
576,0
577,1
578,1
579,0
580,1
581,1
582,1
583,1
584,1
585,0
586,0
587,1
588,0
589,0
590,0
591,1
592,1
593,1
594,0
595,0
596,1
597,1
598,1
599,1
600,1
601,1
602,1
603,1
604,1
605,1
606,1
607,1
608,0
609,0
610,0
611,1
612,0
613,0
614,1
615,1
616,0
617,1
618,1
619,1
620,0
621,1
622,0
623,0
624,0
625,1
626,0
627,0
628,1
629,1
630,0
631,0
632,1
633,1
634,0
635,1
636,1
637,1
638,0
639,1
640,0
641,1
642,1
643,1
644,1
645,1
646,1
647,0
648,0
649,0
650,0
651,0
652,1
653,0
654,0
655,1
656,0
657,1
658,0
659,1
660,0
661,0
662,0
663,1
664,1
665,0
666,0
667,0
668,0
669,1
670,0
671,0
672,1
673,1
674,1
675,1
676,0
677,0
678,0
679,0
680,0
681,1
682,0
683,0
684,0
685,1
686,1
687,0
688,0
689,1
690,1
691,1
692,0
693,0
694,0
695,1
696,0
697,0
698,0
699,1
700,0
701,1
702,1
703,1
704,0
705,0
706,1
707,0
708,1
709,0
710,1
711,0
712,1
713,0
714,0
715,1
716,0
717,1
718,1
719,1
720,0
721,0
722,1
723,1
724,0
725,0
726,0
727,1
728,0
729,1
730,0
731,1
732,0
733,1
734,0
735,1
736,1
737,1
738,1
739,0
740,0
741,0
742,0
743,0
744,0
745,0
746,0
747,1
748,1
749,1
750,1
751,0
752,0
753,0
754,0
755,1
756,0
757,0
758,0
759,0
760,1
761,1
762,0
763,1
764,1
765,0
766,0
767,0
768,1
769,1
770,1
771,0
772,0
773,1
774,0
775,1
776,1
777,0
778,1
779,0
780,1
781,1
782,0
783,1
784,1
785,0
786,1
787,1
788,1
789,1
790,0
791,0
792,1
793,1
794,1
795,0
796,1
797,1
798,1
799,0
800,0
801,0
802,1
803,1
804,1
805,0
806,1
807,1
808,1
809,0
810,0
811,0
812,0
813,1
814,1
815,0
816,1
817,1
818,1
819,1
820,0
821,0
822,1
823,0
824,0
825,0
826,1
827,0
828,1
829,1
830,0
831,0
832,1
833,0
834,0
835,0
836,1
837,0
838,1
839,1
840,0
841,0
842,1
843,0
844,1
845,0
846,1
847,0
848,1
849,1
850,1
851,1
852,0
853,0
854,1
855,1
856,1
857,0
858,0
859,1
860,1
861,0
862,0
863,1
864,1
865,1
866,0
867,0
868,1
869,1
870,0
871,1
872,1
873,0
874,0
875,0
876,1
877,0
878,1
879,1
880,1
881,0
882,1
883,0
884,1
885,1
886,1
887,0
888,0
889,1
890,0
891,1
892,0
893,0
894,0
895,1
896,1
897,0
898,1
899,1
900,0
901,1
902,1
903,1
904,1
905,1
906,1
907,0
908,1
909,1
910,1
911,1
912,0
913,0
914,1
915,0
916,0
917,1
918,0
919,1
920,1
921,1
922,0
923,1
924,0
925,1
926,1
927,1
928,1
929,0
930,1
931,1
932,0
933,1
934,1
935,1
936,1
937,1
938,1
939,0
940,0
941,1
942,0
943,1
944,0
945,0
946,0
947,0
948,0
949,0
950,1
951,1
952,0
953,1
954,1
955,1
956,0
957,1
958,0
959,1
960,1
961,1
962,1
963,1
964,0
965,1
966,1
967,0
968,0
969,0
970,1
971,0
972,0
973,0
974,0
975,1
976,1
977,1
978,1
979,0
980,0
981,1
982,0
983,0
984,1
985,0
986,1
987,0
988,1
989,1
990,1
991,0
992,1
993,1
994,0
995,1
996,0
997,1
998,1
999,0
1000,1
1001,1
1002,1
1003,1
1004,0
1005,1
1006,0
1007,0
1008,1
1009,1
1010,1
1011,0
1012,0
1013,0
1014,0
1015,1
1016,0
1017,1
1018,0
1019,0
1020,1
1021,0
1022,0
1023,1
1024,0
1025,1
1026,0
1027,0
1028,1
1029,1
1030,0
1031,1
1032,0
1033,0
1034,1
1035,0
1036,1
1037,0
1038,0
1039,1
1040,1
1041,0
1042,0
1043,0
1044,1
1045,0
1046,1
1047,0
1048,1
1049,1
1050,1
1051,1
1052,0
1053,1
1054,0
1055,0
1056,0
1057,0
1058,0
1059,1
1060,1
1061,1
1062,0
1063,0
1064,1
1065,0
1066,1
1067,1
1068,0
1069,1
1070,0
1071,0
1072,1
1073,1
1074,0
1075,0
1076,1
1077,0
1078,0
1079,0
1080,1
1081,0
1082,1
1083,0
1084,0
1085,1
1086,1
1087,0
1088,1
1089,1
1090,1
1091,1
1092,1
1093,0
1094,0
1095,1
1096,0
1097,0
1098,0
1099,0
1100,1
1101,1
1102,1
1103,0
1104,1
1105,0
1106,0
1107,0
1108,1
1109,1
1110,0
1111,0
1112,1
1113,0
1114,1
1115,0
1116,0
1117,0
1118,0
1119,0
1120,1
1121,0
1122,1
1123,0
1124,0
1125,1
1126,0
1127,0
1128,0
1129,0
1130,0
1131,0
1132,1
1133,1
1134,0
1135,1
1136,0
1137,0
1138,0
1139,0
1140,0
1141,1
1142,0
1143,1
1144,0
1145,1
1146,0
1147,0
1148,0
1149,1
1150,1
1151,0
1152,1
1153,0
1154,1
1155,0
1156,0
1157,1
1158,0
1159,0
1160,1
1161,1
1162,0
1163,1
1164,1
1165,1
1166,1
1167,0
1168,1
1169,1
1170,1
1171,1
1172,0
1173,0
1174,0
1175,0
1176,1
1177,0
1178,0
1179,1
1180,0
1181,1
1182,0
1183,1
1184,1
1185,0
1186,1
1187,0
1188,1
1189,1
1190,1
1191,0
1192,0
1193,1
1194,0
1195,0
1196,1
1197,1
1198,1
1199,1
1200,0
1201,0
1202,1
1203,1
1204,1
1205,0
1206,1
1207,1
1208,1
1209,0
1210,0
1211,0
1212,0
1213,0
1214,1
1215,0
1216,0
1217,1
1218,0
1219,1
1220,1
1221,0
1222,0
1223,1
1224,0
1225,1
1226,0
1227,0
1228,0
1229,1
1230,0
1231,1
1232,1
1233,1
1234,1
1235,0
1236,1
1237,1
1238,0
1239,0
1240,1
1241,1
1242,1
1243,1
1244,1
1245,0
1246,0
1247,1
1248,0
1249,0
1250,1
1251,0
1252,1
1253,1
1254,1
1255,1
1256,1
1257,0
1258,0
1259,1
1260,0
1261,1
1262,0
1263,1
1264,0
1265,1
1266,1
1267,0
1268,0
1269,1
1270,0
1271,1
1272,1
1273,0
1274,1
1275,0
1276,0
1277,0
1278,1
1279,1
1280,1
1281,1
1282,1
1283,0
1284,0
1285,0
1286,0
1287,1
1288,0
1289,1
1290,1
1291,0
1292,0
1293,0
1294,1
1295,0
1296,0
1297,0
1298,1
1299,1
1300,0
1301,0
1302,0
1303,1
1304,1
1305,1
1306,0
1307,0
1308,1
1309,0
1310,0
1311,1
1312,0
1313,1
1314,0
1315,0
1316,1
1317,0
1318,1
1319,0
1320,0
1321,0
1322,1
1323,0
1324,0
1325,0
1326,1
1327,0
1328,0
1329,1
1330,0
1331,0
1332,0
1333,1
1334,1
1335,0
1336,1
1337,0
1338,0
1339,0
1340,0
1341,1
1342,0
1343,0
1344,0
1345,1
1346,0
1347,1
1348,0
1349,1
1350,1
1351,1
1352,1
1353,1
1354,1
1355,0
1356,0
1357,0
1358,1
1359,0
1360,1
1361,1
1362,0
1363,0
1364,1
1365,0
1366,1
1367,0
1368,1
1369,0
1370,1
1371,1
1372,0
1373,1
1374,1
1375,0
1376,0
1377,1
1378,1
1379,1
1380,1
1381,0
1382,0
1383,1
1384,0
1385,1
1386,0
1387,0
1388,1
1389,1
1390,1
1391,1
1392,0
1393,0
1394,0
1395,0
1396,0
1397,0
1398,0
1399,0
1400,0
1401,1
1402,0
1403,0
1404,1
1405,1
1406,0
1407,1
1408,0
1409,0
1410,1
1411,1
1412,1
1413,0
1414,0
1415,1
1416,0
1417,1
1418,0
1419,1
1420,0
1421,0
1422,0
1423,0
1424,0
1425,0
1426,1
1427,1
1428,0
1429,1
1430,1
1431,0
1432,1
1433,0
1434,0
1435,1
1436,0
1437,1
1438,1
1439,0
1440,0
1441,1
1442,0
1443,0
1444,1
1445,0
1446,1
1447,1
1448,0
1449,0
1450,1
1451,0
1452,0
1453,0
1454,0
1455,1
1456,1
1457,0
1458,1
1459,1
1460,1
1461,0
1462,1
1463,0
1464,0
1465,0
1466,0
1467,1
1468,0
1469,0
1470,1
1471,0
1472,1
1473,0
1474,0
1475,1
1476,0
1477,1
1478,1
1479,0
1480,1
1481,0
1482,1
1483,0
1484,1
1485,0
1486,1
1487,0
1488,0
1489,0
1490,0
1491,1
1492,1
1493,0
1494,0
1495,1
1496,0
1497,0
1498,0
1499,0
1500,0
1501,0
1502,1
1503,1
1504,1
1505,1
1506,1
1507,0
1508,1
1509,1
1510,0
1511,1
1512,0
1513,1
1514,0
1515,0
1516,1
1517,1
1518,0
1519,1
1520,0
1521,0
1522,1
1523,1
1524,1
1525,0
1526,1
1527,1
1528,1
1529,0
1530,0
1531,1
1532,0
1533,1
1534,1
1535,1
1536,0
1537,0
1538,0
1539,1
1540,0
1541,1
1542,1
1543,1
1544,0
1545,0
1546,0
1547,1
1548,0
1549,1
1550,1
1551,0
1552,0
1553,1
1554,1
1555,0
1556,0
1557,0
1558,1
1559,0
1560,0
1561,0
1562,1
1563,0
1564,1
1565,1
1566,0
1567,0
1568,1
1569,0
1570,0
1571,0
1572,0
1573,1
1574,1
1575,1
1576,0
1577,0
1578,1
1579,0
1580,0
1581,1
1582,1
1583,0
1584,1
1585,1
1586,1
1587,0
1588,1
1589,1
1590,1
1591,1
1592,1
1593,1
1594,0
1595,0
1596,0
1597,0
1598,1
1599,1
1600,1
1601,1
1602,1
1603,0
1604,0
1605,0
1606,0
1607,1
1608,1
1609,1
1610,1
1611,1
1612,1
1613,1
1614,0
1615,0
1616,0
1617,1
1618,0
1619,1
1620,0
1621,1
1622,1
1623,1
1624,1
1625,0
1626,1
1627,1
1628,0
1629,1
1630,0
1631,1
1632,1
1633,0
1634,0
1635,1
1636,0
1637,1
1638,0
1639,1
1640,0
1641,0
1642,1
1643,1
1644,1
1645,1
1646,0
1647,0
1648,0
1649,1
1650,0
1651,0
1652,1
1653,0
1654,0
1655,1
1656,0
1657,0
1658,1
1659,1
1660,1
1661,1
1662,1
1663,1
1664,1
1665,1
1666,1
1667,1
1668,0
1669,0
1670,1
1671,0
1672,0
1673,0
1674,0
1675,1
1676,1
1677,0
1678,0
1679,0
1680,1
1681,1
1682,1
1683,0
1684,0
1685,1
1686,1
1687,0
1688,0
1689,1
1690,1
1691,0
1692,0
1693,1
1694,0
1695,0
1696,1
1697,1
1698,1
1699,1
1700,0
1701,1
1702,1
1703,0
1704,1
1705,0
1706,1
1707,0
1708,0
1709,1
1710,1
1711,1
1712,0
1713,1
1714,1
1715,1
1716,1
1717,1
1718,1
1719,0
1720,1
1721,0
1722,0
1723,1
1724,1
1725,0
1726,0
1727,0
1728,0
1729,0
1730,0
1731,0
1732,1
1733,1
1734,1
1735,1
1736,0
1737,0
1738,1
1739,0
1740,1
1741,0
1742,1
1743,0
1744,1
1745,0
1746,0
1747,1
1748,0
1749,1
1750,1
1751,1
1752,0
1753,0
1754,1
1755,1
1756,0
1757,1
1758,1
1759,0
1760,1
1761,1
1762,1
1763,0
1764,0
1765,0
1766,0
1767,0
1768,1
1769,1
1770,0
1771,1
1772,1
1773,1
1774,1
1775,0
1776,0
1777,0
1778,1
1779,0
1780,1
1781,1
1782,0
1783,1
1784,0
1785,0
1786,1
1787,0
1788,1
1789,1
1790,0
1791,0
1792,0
1793,0
1794,1
1795,0
1796,1
1797,0
1798,1
1799,0
1800,0
1801,1
1802,1
1803,0
1804,1
1805,0
1806,1
1807,0
1808,1
1809,0
1810,0
1811,1
1812,0
1813,0
1814,0
1815,0
1816,1
1817,1
1818,0
1819,0
1820,1
1821,1
1822,1
1823,0
1824,1
1825,0
1826,0
1827,0
1828,1
1829,0
1830,0
1831,0
1832,0
1833,1
1834,1
1835,1
1836,1
1837,0
1838,0
1839,1
1840,1
1841,1
1842,0
1843,0
1844,1
1845,1
1846,1
1847,0
1848,0
1849,0
1850,1
1851,1
1852,1
1853,0
1854,1
1855,0
1856,1
1857,1
1858,1
1859,1
1860,0
1861,0
1862,1
1863,1
1864,1
1865,0
1866,0
1867,1
1868,1
1869,1
1870,0
1871,1
1872,1
1873,1
1874,1
1875,0
1876,1
1877,1
1878,1
1879,0
1880,1
1881,1
1882,1
1883,0
1884,0
1885,1
1886,0
1887,0
1888,0
1889,1
1890,1
1891,1
1892,0
1893,0
1894,0
1895,0
1896,0
1897,1
1898,1
1899,1
1900,0
1901,1
1902,1
1903,1
1904,1
1905,0
1906,1
1907,0
1908,0
1909,1
1910,1
1911,0
1912,0
1913,0
1914,1
1915,0
1916,1
1917,0
1918,0
1919,0
1920,0
1921,0
1922,0
1923,0
1924,0
1925,1
1926,0
1927,0
1928,0
1929,1
1930,0
1931,0
1932,0
1933,1
1934,1
1935,0
1936,0
1937,1
1938,1
1939,1
1940,0
1941,0
1942,0
1943,0
1944,1
1945,0
1946,1
1947,0
1948,0
1949,1
1950,1
1951,1
1952,1
1953,1
1954,0
1955,0
1956,0
1957,0
1958,1
1959,0
1960,1
1961,1
1962,1
1963,0
1964,0
1965,1
1966,0
1967,0
1968,0
1969,0
1970,0
1971,1
1972,1
1973,0
1974,0
1975,0
1976,0
1977,1
1978,1
1979,1
1980,1
1981,0
1982,1
1983,1
1984,0
1985,1
1986,1
1987,1
1988,0
1989,1
1990,0
1991,0
1992,0
1993,1
1994,1
1995,1
1996,1
1997,0
1998,0
1999,1
2000,1
2001,0
2002,1
2003,0
2004,1
2005,0
2006,1
2007,1
2008,1
2009,0
2010,0
2011,0
2012,1
2013,0
2014,0
2015,0
2016,1
2017,0
2018,0
2019,1
2020,0
2021,1
2022,0
2023,0
2024,0
2025,0
2026,1
2027,1
2028,0
2029,1
2030,0
2031,0
2032,1
2033,0
2034,1
2035,1
2036,1
2037,1
2038,0
2039,1
2040,1
2041,1
2042,1
2043,0
2044,1
2045,0
2046,1
2047,1
2048,0
2049,0
2050,0
2051,0
2052,1
2053,0
2054,1
2055,1
2056,0
2057,1
2058,1
2059,1
2060,1
2061,1
2062,1
2063,0
2064,0
2065,0
2066,1
2067,0
2068,0
2069,0
2070,0
2071,0
2072,0
2073,1
2074,1
2075,1
2076,0
2077,1
2078,1
2079,1
2080,1
2081,1
2082,0
2083,0
2084,0
2085,1
2086,0
2087,0
2088,1
2089,1
2090,1
2091,0
2092,1
2093,0
2094,0
2095,1
2096,1
2097,1
2098,0
2099,0
2100,1
2101,1
2102,0
2103,0
2104,0
2105,0
2106,0
2107,1
2108,0
2109,0
2110,1
2111,0
2112,1
2113,0
2114,1
2115,1
2116,0
2117,0
2118,1
2119,0
2120,1
2121,1
2122,0
2123,1
2124,1
2125,1
2126,1
2127,1
2128,0
2129,1
2130,0
2131,0
2132,1
2133,1
2134,0
2135,1
2136,1
2137,1
2138,1
2139,0
2140,0
2141,0
2142,1
2143,0
2144,0
2145,0
2146,0
2147,0
2148,0
2149,0
2150,0
2151,0
2152,1
2153,0
2154,1
2155,1
2156,1
2157,0
2158,0
2159,0
2160,0
2161,0
2162,0
2163,0
2164,1
2165,0
2166,1
2167,1
2168,0
2169,1
2170,0
2171,0
2172,0
2173,1
2174,1
2175,1
2176,1
2177,1
2178,0
2179,0
2180,1
2181,0
2182,1
2183,0
2184,0
2185,0
2186,1
2187,0
2188,0
2189,1
2190,0
2191,0
2192,1
2193,0
2194,0
2195,0
2196,1
2197,1
2198,1
2199,0
2200,0
2201,1
2202,0
2203,1
2204,0
2205,1
2206,1
2207,0
2208,1
2209,0
2210,0
2211,1
2212,0
2213,1
2214,0
2215,1
2216,1
2217,1
2218,1
2219,1
2220,1
2221,0
2222,0
2223,1
2224,1
2225,1
2226,1
2227,1
2228,1
2229,1
2230,0
2231,1
2232,1
2233,1
2234,0
2235,0
2236,1
2237,1
2238,1
2239,1
2240,0
2241,1
2242,1
2243,1
2244,1
2245,0
2246,1
2247,0
2248,1
2249,1
2250,0
2251,0
2252,0
2253,1
2254,1
2255,0
2256,1
2257,1
2258,1
2259,1
2260,0
2261,1
2262,0
2263,1
2264,1
2265,1
2266,0
2267,1
2268,0
2269,0
2270,0
2271,0
2272,1
2273,1
2274,0
2275,0
2276,0
2277,1
2278,1
2279,1
2280,0
2281,0
2282,1
2283,0
2284,1
2285,1
2286,0
2287,0
2288,1
2289,1
2290,0
2291,0
2292,1
2293,0
2294,1
2295,0
2296,0
2297,1
2298,1
2299,1
2300,1
2301,0
2302,0
2303,0
2304,1
2305,1
2306,0
2307,0
2308,1
2309,1
2310,0
2311,1
2312,1
2313,1
2314,0
2315,1
2316,1
2317,0
2318,1
2319,1
2320,0
2321,1
2322,1
2323,0
2324,1
2325,1
2326,0
2327,0
2328,1
2329,1
2330,1
2331,0
2332,1
2333,1
2334,1
2335,1
2336,0
2337,0
2338,1
2339,0
2340,0
2341,0
2342,0
2343,0
2344,1
2345,1
2346,0
2347,1
2348,1
2349,1
2350,0
2351,0
2352,0
2353,1
2354,0
2355,1
2356,0
2357,0
2358,0
2359,0
2360,1
2361,0
2362,0
2363,0
2364,0
2365,0
2366,0
2367,0
2368,1
2369,0
2370,0
2371,1
2372,1
2373,1
2374,1
2375,0
2376,1
2377,0
2378,1
2379,0
2380,1
2381,0
2382,1
2383,0
2384,1
2385,0
2386,0
2387,0
2388,1
2389,1
2390,0
2391,1
2392,0
2393,1
2394,0
2395,0
2396,1
2397,1
2398,1
2399,0
2400,1
2401,1
2402,0
2403,0
2404,0
2405,0
2406,1
2407,0
2408,1
2409,0
2410,0
2411,0
2412,1
2413,0
2414,0
2415,1
2416,0
2417,1
2418,1
2419,0
2420,1
2421,0
2422,0
2423,0
2424,0
2425,1
2426,1
2427,1
2428,1
2429,1
2430,1
2431,1
2432,0
2433,0
2434,1
2435,0
2436,1
2437,1
2438,0
2439,1
2440,1
2441,1
2442,0
2443,1
2444,1
2445,0
2446,0
2447,1
2448,1
2449,1
2450,1
2451,1
2452,1
2453,0
2454,1
2455,0
2456,1
2457,1
2458,1
2459,0
2460,1
2461,1
2462,0
2463,0
2464,0
2465,0
2466,0
2467,1
2468,1
2469,0
2470,1
2471,1
2472,1
2473,0
2474,1
2475,0
2476,1
2477,0
2478,0
2479,0
2480,0
2481,1
2482,1
2483,0
2484,0
2485,1
2486,1
2487,1
2488,0
2489,1
2490,1
2491,1
2492,0
2493,1
2494,0
2495,1
2496,0
2497,0
2498,1
2499,0
2500,1
2501,1
2502,0
2503,0
2504,0
2505,0
2506,1
2507,1
2508,0
2509,0
2510,0
2511,0
2512,0
2513,1
2514,1
2515,1
2516,1
2517,1
2518,1
2519,1
2520,1
2521,0
2522,0
2523,0
2524,1
2525,1
2526,0
2527,0
2528,1
2529,1
2530,0
2531,0
2532,0
2533,0
2534,0
2535,0
2536,0
2537,1
2538,1
2539,1
2540,0
2541,0
2542,0
2543,0
2544,0
2545,0
2546,1
2547,0
2548,0
2549,1
2550,1
2551,1
2552,1
2553,0
2554,1
2555,0
2556,0
2557,1
2558,0
2559,0
2560,1
2561,1
2562,0
2563,0
2564,0
2565,0
2566,0
2567,1
2568,1
2569,1
2570,1
2571,0
2572,0
2573,0
2574,0
2575,1
2576,0
2577,0
2578,1
2579,1
2580,0
2581,1
2582,1
2583,1
2584,0
2585,0
2586,0
2587,1
2588,0
2589,1
2590,0
2591,0
2592,0
2593,0
2594,1
2595,0
2596,0
2597,1
2598,0
2599,1
2600,1
2601,1
2602,1
2603,1
2604,1
2605,0
2606,1
2607,0
2608,1
2609,1
2610,1
2611,1
2612,0
2613,0
2614,0
2615,1
2616,1
2617,1
2618,1
2619,0
2620,1
2621,1
2622,1
2623,1
2624,1
2625,0
2626,1
2627,1
2628,1
2629,0
2630,0
2631,1
2632,1
2633,1
2634,1
2635,0
2636,0
2637,1
2638,0
2639,0
2640,0
2641,1
2642,0
2643,0
2644,0
2645,0
2646,0
2647,1
2648,1
2649,0
2650,1
2651,0
2652,0
2653,1
2654,0
2655,0
2656,0
2657,1
2658,0
2659,0
2660,0
2661,1
2662,1
2663,0
2664,1
2665,1
2666,0
2667,1
2668,0
2669,0
2670,1
2671,0
2672,1
2673,0
2674,1
2675,1
2676,0
2677,0
2678,0
2679,0
2680,1
2681,0
2682,1
2683,0
2684,1
2685,0
2686,0
2687,1
2688,0
2689,1
2690,0
2691,1
2692,1
2693,0
2694,1
2695,1
2696,1
2697,0
2698,0
2699,0
2700,1
2701,1
2702,1
2703,1
2704,1
2705,0
2706,1
2707,1
2708,0
2709,0
2710,1
2711,1
2712,1
2713,1
2714,0
2715,1
2716,1
2717,0
2718,1
2719,0
2720,1
2721,0
2722,1
2723,1
2724,0
2725,0
2726,1
2727,0
2728,1
2729,0
2730,0
2731,0
2732,0
2733,1
2734,1
2735,0
2736,0
2737,0
2738,1
2739,0
2740,1
2741,1
2742,0
2743,0
2744,0
2745,0
2746,1
2747,0
2748,0
2749,0
2750,1
2751,0
2752,1
2753,0
2754,1
2755,0
2756,1
2757,0
2758,1
2759,1
2760,0
2761,0
2762,0
2763,1
2764,1
2765,1
2766,0
2767,1
2768,1
2769,0
2770,0
2771,0
2772,0
2773,1
2774,0
2775,0
2776,0
2777,1
2778,0
2779,1
2780,0
2781,1
2782,1
2783,1
2784,0
2785,1
2786,0
2787,1
2788,0
2789,1
2790,0
2791,1
2792,1
2793,1
2794,0
2795,1
2796,1
2797,0
2798,1
2799,1
2800,0
2801,1
2802,0
2803,1
2804,1
2805,1
2806,1
2807,0
2808,1
2809,0
2810,0
2811,0
2812,1
2813,0
2814,0
2815,1
2816,0
2817,1
2818,0
2819,1
2820,0
2821,1
2822,1
2823,0
2824,0
2825,1
2826,0
2827,0
2828,0
2829,1
2830,1
2831,1
2832,0
2833,0
2834,1
2835,0
2836,1
2837,0
2838,1
2839,1
2840,0
2841,1
2842,1
2843,1
2844,0
2845,0
2846,1
2847,1
2848,1
2849,0
2850,1
2851,0
2852,0
2853,0
2854,0
2855,1
2856,0
2857,0
2858,0
2859,0
2860,1
2861,0
2862,0
2863,0
2864,0
2865,1
2866,0
2867,1
2868,1
2869,1
2870,0
2871,1
2872,0
2873,1
2874,0
2875,0
2876,1
2877,1
2878,1
2879,1
2880,0
2881,0
2882,0
2883,1
2884,1
2885,1
2886,0
2887,1
2888,0
2889,1
2890,0
2891,1
2892,0
2893,1
2894,0
2895,1
2896,0
2897,0
2898,0
2899,0
2900,0
2901,1
2902,0
2903,0
2904,0
2905,0
2906,0
2907,1
2908,1
2909,0
2910,0
2911,0
2912,0
2913,1
2914,1
2915,0
2916,0
2917,0
2918,1
2919,0
2920,1
2921,0
2922,1
2923,0
2924,0
2925,0
2926,0
2927,1
2928,1
2929,0
2930,1
2931,1
2932,1
2933,0
2934,0
2935,0
2936,0
2937,1
2938,1
2939,1
2940,0
2941,1
2942,0
2943,1
2944,0
2945,0
2946,1
2947,1
2948,1
2949,0
2950,0
2951,1
2952,1
2953,1
2954,1
2955,1
2956,1
2957,1
2958,0
2959,1
2960,0
2961,0
2962,1
2963,1
2964,0
2965,1
2966,1
2967,1
2968,0
2969,1
2970,0
2971,0
2972,0
2973,0
2974,1
2975,1
2976,0
2977,1
2978,0
2979,0
2980,1
2981,0
2982,0
2983,0
2984,1
2985,0
2986,0
2987,1
2988,1
2989,1
2990,1
2991,0
2992,0
2993,1
2994,1
2995,1
2996,1
2997,0
2998,0
2999,0
3000,1
3001,0
3002,1
3003,0
3004,0
3005,1
3006,0
3007,0
3008,0
3009,0
3010,1
3011,1
3012,0
3013,1
3014,1
3015,1
3016,0
3017,0
3018,0
3019,1
3020,0
3021,0
3022,0
3023,1
3024,0
3025,1
3026,1
3027,1
3028,1
3029,1
3030,0
3031,0
3032,1
3033,0
3034,0
3035,1
3036,1
3037,0
3038,1
3039,1
3040,0
3041,1
3042,0
3043,0
3044,0
3045,1
3046,0
3047,1
3048,1
3049,1
3050,1
3051,1
3052,0
3053,1
3054,1
3055,0
3056,1
3057,0
3058,0
3059,0
3060,0
3061,0
3062,0
3063,0
3064,0
3065,1
3066,1
3067,1
3068,0
3069,0
3070,1
3071,1
3072,0
3073,1
3074,0
3075,1
3076,1
3077,1
3078,0
3079,1
3080,1
3081,1
3082,0
3083,1
3084,0
3085,1
3086,0
3087,0
3088,1
3089,0
3090,1
3091,0
3092,0
3093,0
3094,0
3095,0
3096,0
3097,0
3098,0
3099,0
3100,0
3101,1
3102,1
3103,1
3104,0
3105,0
3106,1
3107,1
3108,1
3109,1
3110,0
3111,0
3112,1
3113,1
3114,0
3115,0
3116,0
3117,0
3118,0
3119,1
3120,0
3121,1
3122,0
3123,0
3124,1
3125,0
3126,1
3127,1
3128,1
3129,0
3130,0
3131,0
3132,0
3133,0
3134,0
3135,1
3136,1
3137,0
3138,1
3139,0
3140,1
3141,0
3142,1
3143,1
3144,1
3145,1
3146,0
3147,0
3148,1
3149,0
3150,0
3151,1
3152,0
3153,0
3154,0
3155,1
3156,0
3157,0
3158,1
3159,1
3160,0
3161,0
3162,1
3163,0
3164,1
3165,0
3166,1
3167,0
3168,0
3169,1
3170,1
3171,0
3172,0
3173,0
3174,1
3175,1
3176,1
3177,0
3178,1
3179,0
3180,1
3181,1
3182,0
3183,1
3184,0
3185,1
3186,0
3187,1
3188,0
3189,1
3190,1
3191,0
3192,0
3193,1
3194,1
3195,1
3196,1
3197,1
3198,1
3199,1
3200,0
3201,1
3202,0
3203,0
3204,0
3205,1
3206,1
3207,1
3208,1
3209,0
3210,0
3211,1
3212,1
3213,1
3214,1
3215,0
3216,1
3217,1
3218,0
3219,0
3220,0
3221,1
3222,0
3223,1
3224,1
3225,1
3226,1
3227,1
3228,0
3229,0
3230,1
3231,1
3232,0
3233,0
3234,0
3235,1
3236,1
3237,1
3238,0
3239,0
3240,1
3241,1
3242,0
3243,1
3244,1
3245,0
3246,1
3247,1
3248,1
3249,0
3250,0
3251,1
3252,0
3253,0
3254,0
3255,0
3256,1
3257,0
3258,0
3259,1
3260,1
3261,0
3262,1
3263,1
3264,1
3265,1
3266,0
3267,0
3268,1
3269,0
3270,0
3271,0
3272,0
3273,0
3274,0
3275,0
3276,0
3277,0
3278,1
3279,0
3280,0
3281,0
3282,1
3283,1
3284,1
3285,0
3286,0
3287,0
3288,1
3289,1
3290,1
3291,1
3292,1
3293,1
3294,0
3295,0
3296,0
3297,0
3298,0
3299,0
3300,0
3301,0
3302,0
3303,0
3304,1
3305,1
3306,1
3307,0
3308,1
3309,1
3310,1
3311,0
3312,1
3313,1
3314,1
3315,1
3316,1
3317,0
3318,1
3319,1
3320,1
3321,0
3322,1
3323,0
3324,0
3325,0
3326,0
3327,0
3328,0
3329,1
3330,0
3331,0
3332,1
3333,1
3334,1
3335,0
3336,0
3337,1
3338,1
3339,1
3340,1
3341,1
3342,1
3343,0
3344,1
3345,0
3346,1
3347,1
3348,1
3349,0
3350,1
3351,0
3352,1
3353,1
3354,1
3355,1
3356,1
3357,1
3358,1
3359,0
3360,0
3361,0
3362,1
3363,1
3364,1
3365,0
3366,0
3367,0
3368,1
3369,0
3370,1
3371,0
3372,0
3373,1
3374,1
3375,0
3376,0
3377,0
3378,1
3379,1
3380,0
3381,0
3382,1
3383,1
3384,0
3385,1
3386,1
3387,1
3388,0
3389,1
3390,1
3391,1
3392,1
3393,0
3394,0
3395,1
3396,0
3397,1
3398,1
3399,1
3400,1
3401,1
3402,0
3403,1
3404,1
3405,1
3406,0
3407,0
3408,1
3409,1
3410,0
3411,1
3412,0
3413,1
3414,0
3415,1
3416,0
3417,0
3418,0
3419,0
3420,1
3421,1
3422,0
3423,0
3424,0
3425,0
3426,0
3427,1
3428,0
3429,1
3430,1
3431,0
3432,1
3433,0
3434,0
3435,1
3436,1
3437,0
3438,0
3439,1
3440,0
3441,1
3442,1
3443,1
3444,1
3445,1
3446,0
3447,1
3448,1
3449,1
3450,1
3451,0
3452,0
3453,1
3454,1
3455,1
3456,1
3457,1
3458,0
3459,1
3460,1
3461,1
3462,1
3463,1
3464,0
3465,0
3466,1
3467,0
3468,1
3469,0
3470,1
3471,1
3472,0
3473,0
3474,0
3475,1
3476,0
3477,1
3478,1
3479,1
3480,1
3481,1
3482,1
3483,1
3484,0
3485,0
3486,1
3487,1
3488,0
3489,0
3490,0
3491,1
3492,0
3493,1
3494,0
3495,1
3496,1
3497,1
3498,1
3499,0
3500,0
3501,0
3502,0
3503,1
3504,0
3505,0
3506,1
3507,1
3508,1
3509,0
3510,1
3511,0
3512,1
3513,0
3514,1
3515,1
3516,1
3517,1
3518,1
3519,1
3520,1
3521,1
3522,1
3523,1
3524,0
3525,0
3526,0
3527,1
3528,0
3529,1
3530,1
3531,1
3532,1
3533,0
3534,0
3535,1
3536,1
3537,0
3538,0
3539,0
3540,0
3541,1
3542,1
3543,0
3544,1
3545,0
3546,0
3547,0
3548,0
3549,0
3550,1
3551,0
3552,0
3553,0
3554,1
3555,0
3556,1
3557,1
3558,1
3559,0
3560,0
3561,0
3562,0
3563,0
3564,1
3565,1
3566,1
3567,0
3568,0
3569,1
3570,1
3571,1
3572,1
3573,1
3574,1
3575,0
3576,0
3577,0
3578,0
3579,1
3580,0
3581,1
3582,1
3583,1
3584,0
3585,0
3586,1
3587,0
3588,1
3589,0
3590,0
3591,0
3592,0
3593,0
3594,0
3595,1
3596,0
3597,0
3598,1
3599,1
3600,0
3601,0
3602,1
3603,0
3604,0
3605,1
3606,0
3607,0
3608,1
3609,0
3610,0
3611,0
3612,1
3613,0
3614,0
3615,0
3616,0
3617,1
3618,1
3619,0
3620,0
3621,0
3622,0
3623,1
3624,1
3625,0
3626,1
3627,0
3628,0
3629,1
3630,0
3631,0
3632,1
3633,0
3634,1
3635,0
3636,0
3637,1
3638,1
3639,1
3640,1
3641,0
3642,0
3643,1
3644,0
3645,0
3646,1
3647,0
3648,1
3649,0
3650,0
3651,1
3652,0
3653,0
3654,0
3655,0
3656,1
3657,1
3658,0
3659,0
3660,0
3661,0
3662,1
3663,0
3664,1
3665,1
3666,0
3667,0
3668,0
3669,1
3670,1
3671,0
3672,1
3673,0
3674,1
3675,0
3676,0
3677,0
3678,1
3679,0
3680,1
3681,1
3682,1
3683,1
3684,0
3685,1
3686,0
3687,1
3688,1
3689,1
3690,0
3691,1
3692,1
3693,0
3694,1
3695,1
3696,0
3697,1
3698,1
3699,1
3700,0
3701,0
3702,1
3703,0
3704,0
3705,1
3706,0
3707,1
3708,1
3709,1
3710,0
3711,1
3712,1
3713,0
3714,0
3715,0
3716,1
3717,0
3718,0
3719,1
3720,0
3721,1
3722,0
3723,0
3724,1
3725,0
3726,1
3727,0
3728,0
3729,1
3730,1
3731,0
3732,0
3733,0
3734,0
3735,0
3736,1
3737,1
3738,0
3739,0
3740,1
3741,1
3742,1
3743,1
3744,0
3745,1
3746,1
3747,1
3748,0
3749,0
3750,1
3751,0
3752,1
3753,1
3754,0
3755,1
3756,1
3757,0
3758,1
3759,0
3760,1
3761,1
3762,1
3763,1
3764,0
3765,1
3766,1
3767,1
3768,0
3769,0
3770,0
3771,1
3772,1
3773,0
3774,0
3775,1
3776,0
3777,0
3778,1
3779,1
3780,1
3781,0
3782,1
3783,1
3784,1
3785,0
3786,0
3787,0
3788,0
3789,1
3790,0
3791,1
3792,0
3793,0
3794,0
3795,0
3796,1
3797,1
3798,0
3799,1
3800,1
3801,0
3802,1
3803,1
3804,0
3805,1
3806,1
3807,1
3808,0
3809,1
3810,1
3811,1
3812,0
3813,1
3814,1
3815,0
3816,0
3817,1
3818,0
3819,0
3820,1
3821,0
3822,0
3823,1
3824,0
3825,0
3826,1
3827,0
3828,0
3829,1
3830,1
3831,1
3832,1
3833,1
3834,0
3835,1
3836,0
3837,0
3838,1
3839,1
3840,0
3841,1
3842,1
3843,0
3844,0
3845,1
3846,0
3847,1
3848,0
3849,1
3850,1
3851,1
3852,1
3853,1
3854,0
3855,0
3856,1
3857,1
3858,0
3859,1
3860,1
3861,1
3862,0
3863,0
3864,0
3865,0
3866,0
3867,0
3868,1
3869,1
3870,0
3871,1
3872,0
3873,0
3874,0
3875,1
3876,1
3877,1
3878,0
3879,0
3880,0
3881,0
3882,1
3883,0
3884,1
3885,1
3886,0
3887,0
3888,1
3889,1
3890,1
3891,0
3892,0
3893,1
3894,1
3895,0
3896,0
3897,1
3898,1
3899,0
3900,1
3901,1
3902,0
3903,1
3904,0
3905,1
3906,1
3907,1
3908,0
3909,1
3910,1
3911,1
3912,1
3913,1
3914,1
3915,1
3916,1
3917,1
3918,1
3919,1
3920,1
3921,0
3922,1
3923,0
3924,0
3925,0
3926,0
3927,0
3928,1
3929,1
3930,0
3931,0
3932,1
3933,0
3934,0
3935,1
3936,0
3937,1
3938,1
3939,0
3940,0
3941,0
3942,1
3943,1
3944,0
3945,0
3946,1
3947,1
3948,1
3949,1
3950,0
3951,1
3952,1
3953,1
3954,0
3955,0
3956,1
3957,0
3958,0
3959,1
3960,0
3961,1
3962,0
3963,0
3964,1
3965,0
3966,0
3967,0
3968,1
3969,0
3970,0
3971,1
3972,1
3973,1
3974,0
3975,0
3976,1
3977,0
3978,1
3979,0
3980,1
3981,1
3982,1
3983,1
3984,0
3985,0
3986,1
3987,1
3988,0
3989,0
3990,1
3991,0
3992,1
3993,1
3994,0
3995,0
3996,0
3997,1
3998,0
3999,0
4000,0
4001,0
4002,0
4003,0
4004,1
4005,1
4006,0
4007,1
4008,0
4009,1
4010,1
4011,0
4012,1
4013,0
4014,0
4015,0
4016,0
4017,1
4018,0
4019,1
4020,1
4021,0
4022,1
4023,0
4024,0
4025,0
4026,1
4027,0
4028,0
4029,1
4030,0
4031,1
4032,0
4033,0
4034,1
4035,0
4036,1
4037,0
4038,1
4039,0
4040,1
4041,1
4042,0
4043,0
4044,1
4045,1
4046,0
4047,1
4048,1
4049,1
4050,0
4051,1
4052,1
4053,0
4054,0
4055,0
4056,1
4057,0
4058,1
4059,1
4060,1
4061,0
4062,1
4063,1
4064,0
4065,1
4066,1
4067,1
4068,0
4069,0
4070,1
4071,1
4072,0
4073,1
4074,0
4075,1
4076,1
4077,0
4078,1
4079,0
4080,0
4081,0
4082,1
4083,1
4084,0
4085,1
4086,1
4087,1
4088,0
4089,0
4090,0
4091,1
4092,0
4093,1
4094,1
4095,1
4096,1
4097,0
4098,0
4099,1
4100,1
4101,1
4102,0
4103,0
4104,0
4105,1
4106,1
4107,0
4108,1
4109,1
4110,1
4111,0
4112,1
4113,0
4114,1
4115,1
4116,1
4117,1
4118,1
4119,0
4120,1
4121,1
4122,1
4123,0
4124,1
4125,1
4126,0
4127,0
4128,0
4129,0
4130,0
4131,0
4132,1
4133,0
4134,0
4135,0
4136,1
4137,0
4138,0
4139,1
4140,1
4141,1
4142,0
4143,0
4144,1
4145,0
4146,0
4147,1
4148,1
4149,1
4150,1
4151,1
4152,1
4153,0
4154,1
4155,1
4156,0
4157,1
4158,0
4159,0
4160,1
4161,0
4162,0
4163,0
4164,0
4165,0
4166,0
4167,0
4168,1
4169,1
4170,1
4171,0
4172,0
4173,0
4174,0
4175,0
4176,1
4177,0
4178,1
4179,0
4180,1
4181,0
4182,1
4183,1
4184,1
4185,0
4186,0
4187,1
4188,1
4189,1
4190,0
4191,0
4192,1
4193,0
4194,0
4195,1
4196,1
4197,1
4198,0
4199,0
4200,0
4201,0
4202,0
4203,0
4204,1
4205,0
4206,0
4207,0
4208,0
4209,1
4210,1
4211,0
4212,0
4213,1
4214,0
4215,1
4216,0
4217,0
4218,0
4219,1
4220,1
4221,1
4222,1
4223,0
4224,0
4225,0
4226,1
4227,0
4228,1
4229,0
4230,0
4231,0
4232,1
4233,0
4234,0
4235,1
4236,0
4237,0
4238,0
4239,0
4240,0
4241,0
4242,0
4243,0
4244,1
4245,1
4246,0
4247,0
4248,1
4249,1
4250,0
4251,0
4252,0
4253,1
4254,0
4255,0
4256,1
4257,1
4258,1
4259,0
4260,1
4261,1
4262,0
4263,0
4264,1
4265,0
4266,0
4267,0
4268,0
4269,1
4270,0
4271,1
4272,0
4273,1
4274,0
4275,1
4276,1
4277,0
4278,1
4279,0
4280,0
4281,1
4282,1
4283,1
4284,1
4285,1
4286,0
4287,1
4288,1
4289,1
4290,1
4291,1
4292,0
4293,0
4294,1
4295,1
4296,0
4297,1
4298,1
4299,0
4300,1
4301,1
4302,0
4303,0
4304,0
4305,0
4306,1
4307,0
4308,0
4309,0
4310,1
4311,1
4312,0
4313,0
4314,0
4315,1
4316,0
4317,0
4318,1
4319,1
4320,1
4321,0
4322,1
4323,1
4324,1
4325,0
4326,1
4327,1
4328,0
4329,1
4330,0
4331,1
4332,0
4333,1
4334,0
4335,0
4336,0
4337,1
4338,0
4339,0
4340,1
4341,0
4342,1
4343,1
4344,0
4345,0
4346,0
4347,0
4348,1
4349,1
4350,0
4351,1
4352,0
4353,1
4354,1
4355,0
4356,0
4357,1
4358,1
4359,1
4360,1
4361,1
4362,1
4363,0
4364,0
4365,0
4366,0
4367,0
4368,0
4369,1
4370,0
4371,0
4372,1
4373,0
4374,0
4375,0
4376,0
4377,0
4378,1
4379,1
4380,1
4381,1
4382,1
4383,1
4384,1
4385,0
4386,0
4387,0
4388,0
4389,0
4390,0
4391,0
4392,1
4393,1
4394,1
4395,1
4396,0
4397,0
4398,0
4399,1
4400,0
4401,1
4402,1
4403,0
4404,0
4405,0
4406,0
4407,0
4408,0
4409,0
4410,0
4411,0
4412,1
4413,1
4414,1
4415,0
4416,0
4417,0
4418,1
4419,1
4420,0
4421,1
4422,1
4423,1
4424,0
4425,0
4426,1
4427,1
4428,0
4429,0
4430,0
4431,0
4432,1
4433,1
4434,0
4435,0
4436,0
4437,0
4438,1
4439,1
4440,1
4441,1
4442,1
4443,0
4444,0
4445,0
4446,1
4447,1
4448,0
4449,0
4450,0
4451,0
4452,0
4453,1
4454,1
4455,0
4456,0
4457,0
4458,1
4459,1
4460,0
4461,0
4462,1
4463,0
4464,1
4465,1
4466,0
4467,0
4468,0
4469,1
4470,1
4471,0
4472,1
4473,0
4474,1
4475,0
4476,0
4477,1
4478,0
4479,0
4480,1
4481,1
4482,1
4483,0
4484,0
4485,1
4486,1
4487,1
4488,1
4489,1
4490,1
4491,0
4492,0
4493,0
4494,0
4495,1
4496,0
4497,1
4498,1
4499,1
4500,1
4501,0
4502,0
4503,1
4504,0
4505,0
4506,0
4507,0
4508,0
4509,0
4510,0
4511,0
4512,1
4513,0
4514,0
4515,0
4516,1
4517,1
4518,1
4519,0
4520,0
4521,0
4522,1
4523,1
4524,0
4525,1
4526,0
4527,1
4528,0
4529,0
4530,0
4531,1
4532,0
4533,1
4534,1
4535,0
4536,0
4537,1
4538,0
4539,1
4540,1
4541,1
4542,1
4543,0
4544,1
4545,1
4546,1
4547,1
4548,0
4549,1
4550,0
4551,1
4552,0
4553,0
4554,1
4555,1
4556,1
4557,0
4558,1
4559,1
4560,0
4561,0
4562,0
4563,1
4564,0
4565,0
4566,0
4567,1
4568,0
4569,0
4570,1
4571,0
4572,0
4573,1
4574,1
4575,0
4576,0
4577,0
4578,0
4579,1
4580,0
4581,1
4582,1
4583,1
4584,1
4585,1
4586,0
4587,1
4588,1
4589,0
4590,0
4591,0
4592,0
4593,0
4594,1
4595,1
4596,0
4597,1
4598,1
4599,0
4600,1
4601,0
4602,1
4603,0
4604,0
4605,1
4606,1
4607,1
4608,1
4609,1
4610,0
4611,0
4612,1
4613,1
4614,0
4615,1
4616,0
4617,0
4618,1
4619,0
4620,1
4621,0
4622,0
4623,1
4624,0
4625,0
4626,0
4627,0
4628,0
4629,0
4630,0
4631,1
4632,1
4633,1
4634,0
4635,0
4636,1
4637,1
4638,1
4639,1
4640,1
4641,0
4642,0
4643,1
4644,0
4645,0
4646,1
4647,0
4648,0
4649,1
4650,0
4651,1
4652,0
4653,0
4654,1
4655,1
4656,1
4657,0
4658,1
4659,1
4660,1
4661,0
4662,1
4663,0
4664,0
4665,0
4666,0
4667,1
4668,1
4669,1
4670,1
4671,0
4672,1
4673,1
4674,0
4675,0
4676,1
4677,1
4678,0
4679,1
4680,1
4681,1
4682,1
4683,0
4684,1
4685,1
4686,1
4687,0
4688,0
4689,1
4690,0
4691,1
4692,0
4693,1
4694,0
4695,1
4696,0
4697,0
4698,1
4699,0
4700,1
4701,0
4702,0
4703,0
4704,0
4705,0
4706,1
4707,1
4708,1
4709,0
4710,0
4711,0
4712,1
4713,0
4714,0
4715,1
4716,1
4717,0
4718,1
4719,1
4720,0
4721,1
4722,1
4723,1
4724,0
4725,0
4726,1
4727,0
4728,0
4729,1
4730,1
4731,0
4732,1
4733,1
4734,0
4735,1
4736,0
4737,0
4738,1
4739,1
4740,0
4741,1
4742,1
4743,0
4744,0
4745,1
4746,0
4747,0
4748,1
4749,0
4750,0
4751,0
4752,0
4753,0
4754,1
4755,1
4756,1
4757,1
4758,0
4759,1
4760,1
4761,0
4762,0
4763,0
4764,0
4765,0
4766,1
4767,0
4768,0
4769,0
4770,0
4771,0
4772,1
4773,0
4774,0
4775,0
4776,0
4777,1
4778,0
4779,1
4780,0
4781,0
4782,0
4783,0
4784,1
4785,0
4786,1
4787,1
4788,1
4789,1
4790,0
4791,1
4792,1
4793,0
4794,1
4795,1
4796,1
4797,0
4798,0
4799,0
4800,1
4801,0
4802,0
4803,1
4804,1
4805,1
4806,1
4807,0
4808,1
4809,0
4810,0
4811,0
4812,0
4813,0
4814,1
4815,1
4816,0
4817,1
4818,1
4819,1
4820,0
4821,0
4822,1
4823,0
4824,0
4825,1
4826,1
4827,1
4828,0
4829,1
4830,1
4831,1
4832,1
4833,0
4834,1
4835,1
4836,1
4837,1
4838,1
4839,0
4840,1
4841,1
4842,1
4843,0
4844,1
4845,1
4846,0
4847,1
4848,0
4849,0
4850,1
4851,1
4852,0
4853,1
4854,1
4855,1
4856,1
4857,1
4858,0
4859,0
4860,0
4861,1
4862,1
4863,0
4864,1
4865,1
4866,0
4867,0
4868,0
4869,1
4870,0
4871,0
4872,0
4873,1
4874,1
4875,0
4876,1
4877,1
4878,0
4879,1
4880,0
4881,0
4882,1
4883,0
4884,0
4885,0
4886,1
4887,1
4888,1
4889,0
4890,0
4891,0
4892,0
4893,0
4894,1
4895,1
4896,0
4897,1
4898,0
4899,0
4900,0
4901,0
4902,1
4903,0
4904,0
4905,1
4906,1
4907,0
4908,1
4909,0
4910,0
4911,1
4912,0
4913,1
4914,1
4915,1
4916,1
4917,1
4918,1
4919,0
4920,1
4921,0
4922,1
4923,1
4924,1
4925,0
4926,1
4927,0
4928,1
4929,1
4930,0
4931,0
4932,1
4933,0
4934,1
4935,1
4936,1
4937,1
4938,1
4939,0
4940,1
4941,1
4942,1
4943,1
4944,0
4945,1
4946,0
4947,1
4948,0
4949,1
4950,0
4951,1
4952,1
4953,0
4954,0
4955,0
4956,1
4957,1
4958,1
4959,0
4960,1
4961,1
4962,1
4963,1
4964,0
4965,1
4966,0
4967,0
4968,1
4969,1
4970,0
4971,0
4972,1
4973,1
4974,1
4975,1
4976,1
4977,1
4978,1
4979,1
4980,0
4981,1
4982,0
4983,0
4984,0
4985,0
4986,0
4987,0
4988,0
4989,1
4990,1
4991,1
4992,1
4993,0
4994,1
4995,0
4996,0
4997,1
4998,0
4999,1
